step,loss
0,4.268239498138428
20,3.305189371109009
40,3.166370391845703
60,3.1060678958892822
80,3.0297210216522217
100,2.7946360111236572
120,2.630782127380371
140,2.3553974628448486
160,2.442798137664795
180,2.5523128509521484
200,2.8996615409851074
220,2.6459646224975586
240,2.5559680461883545
260,2.5152957439422607
280,2.6545045375823975
300,2.2287302017211914
320,2.8481576442718506
340,1.2871274948120117
360,2.3044893741607666
380,2.6509945392608643
400,2.4952430725097656
420,2.564615249633789
440,2.659351348876953
460,2.52247953414917
480,2.5031540393829346
500,2.1952168941497803
520,3.2044408321380615
540,2.5404114723205566
560,0.2115638703107834
580,0.269319087266922
600,2.921894073486328
620,3.069101572036743
640,2.270643711090088
660,2.6263391971588135
680,2.876718521118164
700,2.778829574584961
720,0.5231406092643738
740,2.4196619987487793
760,2.6883928775787354
780,2.3902978897094727
800,3.078301191329956
820,2.4219326972961426
840,2.471806049346924
860,2.3810229301452637
880,2.501551389694214
900,2.57293438911438
920,0.6516998410224915
940,2.342393398284912
960,0.3403049409389496
980,2.127194404602051
1000,2.0709643363952637
1020,0.5873315334320068
1040,1.9128985404968262
1060,2.4535152912139893
1080,3.1181371212005615
1100,2.247647285461426
1120,0.2665223181247711
1140,1.9512841701507568
1160,2.160407543182373
1180,2.6078696250915527
1200,3.0333163738250732
1220,2.3258962631225586
1240,0.515840470790863
1260,0.22920167446136475
1280,0.3094485402107239
1300,2.7313172817230225
1320,0.6230274438858032
1340,3.3628053665161133
1360,2.913269519805908
1380,2.3723180294036865
1400,2.305683135986328
1420,2.6954169273376465
1440,2.326929807662964
1460,2.576767683029175
1480,3.2425312995910645
1500,2.557551145553589
1520,2.5557305812835693
1540,1.995967149734497
1560,0.40887293219566345
1580,2.33935546875
1600,2.1842637062072754
1620,2.6535556316375732
1640,2.506403684616089
1660,2.2792508602142334
1680,1.8984854221343994
1700,1.7249559164047241
1720,2.2666380405426025
1740,2.1680691242218018
1760,0.3050072491168976
1780,3.01338791847229
1800,1.0349146127700806
1820,2.968690872192383
1840,1.9318336248397827
1860,3.1221466064453125
1880,2.141883373260498
1900,2.674992084503174
1920,2.0177361965179443
1940,2.3543787002563477
1960,2.2772140502929688
1980,1.5079965591430664
2000,2.5493757724761963
2020,2.6995949745178223
2040,3.166273593902588
2060,2.5775539875030518
2080,2.3114118576049805
2100,0.9864738583564758
2120,1.7902615070343018
2140,2.316983222961426
2160,1.9373350143432617
2180,2.4204318523406982
2200,2.02771258354187
2220,2.3562119007110596
2240,2.4426045417785645
2260,0.549842119216919
2280,1.9654067754745483
2300,2.238053798675537
2320,1.5051559209823608
2340,0.2894686162471771
2360,2.589268684387207
2380,1.7689321041107178
2400,2.2994985580444336
2420,0.4200773239135742
2440,2.4835591316223145
2460,2.674342632293701
2480,1.9985142946243286
